1803
1746
1716
1733
1716
1729
1808
1767
1761
1751
1870
1848
1793
1763
1808
1793
1793
1741
1861
1806
1869
1909
1946
1907
1828
1874
1756
1902
1851
1768
1781
1777
1802
1843
1859
1826
1891
1866
1819
1979
1938
1829
1804
1853
1921
1983
1834
1926
1879
1828
1857
1928
1941
1847
1840
1761
1838
1834
1899
1853
1885
1831
1824
1881
1832
1904
1930
1942
1924
1881
1786
1872
1925
1860
1817
1842
1880
1890
1847
1813
1830
1825
1821
1862
1944
1906
1902
1788
1825
1861
1873
1952
2003
1817
1799
1848
1839
1882
1954
1947
1951
1959
1929
1944
1893
1920
1910
1947
1870
1953
2086
2036
1975
1899
1931
1892
1888
1887
2061
2013
2100
2092
2035
2050
2052
2026
2003
1974
1958
2075
2099
2091
2011
2100
2167
2206
2241
2194
2203
2031
2085
2066
2104
2230
2232
2201
2270
2238
2216
2279
2232
2121
2359
2330
2382
2373
2402
2392
2499
2527
2594
2609
2782
2777
2846
2764
2870
2883
3030
3160
3248
3270
3211
3228
3306
3318
3286
3298
3418
3472
3430
3379
3366
3340
3353
3223
3199
3209
3181
3109
3088
2987
3015
2968
2759
2619
2652
2674
2803
2742
2518
2597
2598
2557
2545
2489
2482
2413
2385
2267
2378
2425
2382
2275
2270
2270
2299
2258
2281
2319
2303
2204
2197
2250
2238
2299
2215
2278
2321
2265
2298
2365
2437
2523
2540
2532
2445
2424
2555
2628
2624
2650
2708
2658
2683
2788
2824
2791
2892
2772
2748
2863
2809
2797
2823
2841
2808
2815
2707
2675
2806
2833
2693
2642
2592
2615
2698
2647
2623
2556
2502
2449
2515
2473
2431
2411
2401
2221
2332
2296
2305
2332
2196
2233
2125
2221
2189
2192
2316
2252
2242
2079
2075
2055
2148
2063
2017
2124
2071
2100
2138
2157
2094
2141
2091
2036
2173
2155
2049
2110
2076
2050
2135
2078
1995
1990
2134
2133
2185
2136
2136
2128
2223
2180
2269
2275
2356
2236
2118
2190
2229
2179
2193
2164
2297
2257
2207
2290
2197
2219
2172
2160
2136
2012
2058
1968
2016
2047
1955
1971
2114
2068
1937
2064
1897
1866
2020
1992
2022
1954
1900
1888
1909
1843
1884
1828
1809
1874
1770
1832
1747
1790
1771
1814
1846
1765
1781
1764
1891
1811
1740
1741
1835
1766
1815
1751
1822
1848
1896
1890
1829
1890
1802
1792
1793
1849
1839
1829
1779
1856
1833
1898
1819
1813
1811
1795
1830
1776
1773
1815
1709
1703
1788
1721
1727
1717
1707
1744
1684
1737
1736
1642
1637
1689
1755
1778
1723
1756
1749
1775
1843
1780
1744
1687
1698
1735
1663
1727
1683
1634
1710
1734
1622
1640
1668
1586
1681
1710
1656
1658
1679
1602
1638
1650
1743
1752
1729
1742
1685
1683
1646
1707
1669
1699
1705
1656
1661
1665
1684
1673
1606
1664
1771
1666
1721
1682
1686
1672
1535
1606
1582
1579
1532
1517
1617
1614
1686
1718
1647
1645
1673
1565
1582
1545
1593
1545
1582
1527
1511
1565
1635
